sys_config <- 
c(1, 2, 3)
t_cfm <- 
c(1125, 850, 1125)
tesp <- 
c(0.7, 0.45, 0.65)
dl <- 
c(225, 190, 200)
t_mea_cfm <- 
c(709, 608, 799)
N <- 3
N_sys_config <- 3
